100000000000000000000000000000000000000000000000000000000000000000000000000011111011100010010010011101000111111111000100010000000000111101111111010110100010110101000011001111110110001111010101000111101000110010100011110110011110101010010100010111110001101011000000011001100010100000011101101110000101000001101001101111110111011101101110111101100100101100000100011010010101100000100
010000000000000000000000000000000000000000000000000000000000000000000000000001010110001000011110000111101000100111010001111111101011000000011010111000010010000000111100100000011110111110110010100101111111101110111111100010100100100010001100010101001011111000010100000000000101101100101010001111101000110100000000000100001110101111111111000111111000010011011111100011101101110000111
001000000000000000000000000000000000000000000000000000000000000000000000000010110101011110101111010010000010010000100101100110111111111111110001000001010011000111110100011001010111001010000010000000101000000101101000000101011101111000000111010111011011100101011011010100010101110001001011010110110111110100010111101111011101100100100110011001101010001010101101100001101101000001101
000100000000000000000000000000000000000000000000000000000000000000000000000001111001010110100001001111000010010011010100111010011001000101001010111100100101110100110100100000001000010001111111001101100001100011111001011010110100101010011110000000110110011001001001110110011001100111001010100000001110110000000001011110101110000010100110110001000110101111011000011011011100100101110
000010000000000000000000000000000000000000000000000000000000000000000000000010101101111110001010010011101100101100110100001000111110010000000101110101000001011001111110000011110001101011100010010101110010110101111010110110110100101010110001010100101100101100011000101111000100001101010101110010110101001110101101000010100011010010001000011011011101010011100000011010110111010010011
000001000000000000000000000000000000000000000000000000000000000000000000000011011100100001101011101110101110110010010110000110010001101011110010100001100111100101000101001101000111110011111111000100100000011101011011100001100110011111001000101101010111101010100101101011101101010001011110011000111000011100110000111000011011110010101001010111011100110101111110011011011011101001111
000000100000000000000000000000000000000000000000000000000000000000000000000010000000000111111011001001111110001100100000100010011010000001011111100111101100000100000101100100110100100111011000001010000000100011100100001110101000000101101010000101111001010000010001001001100011011110110111100011011000100111100111110011110011110101000010110110110110110101110010101101010001100001110
000000010000000000000000000000000000000000000000000000000000000000000000000010100011111110111110000001001110010101010011000000010011100001110001111101001110000100110110110100011010110100010101011011101001100101101100111011110111111000100111001001001011100111110011111100100010011111110110010001111010011000100100001001111110001110101011100110111101110011111101100011110011101101001
000000001000000000000000000000000000000000000000000000000000000000000000000001000001011101101100100001100110010110000111000111101100000110111110111001000010011000010101100010011101010100101111110100100010001011101110000010100001010011001010110011101111111001001101111110011110011000111011000011011011011110111100100001001101001101111010101001100010010100011010000010011000010011000
000000000100000000000000000000000000000000000000000000000000000000000000000011000010110010011001011110011010000011110100100111000011010001110010001000100111001001100011101011101110011011000101000101011101110000101100110011001011111000011001011011000101111101000111110110110111101011101000100111010010111110001011010111001010010111010101000100010101110101011010110111110011101010001
000000000010000000000000000000000000000000000000000000000000000000000000000000100001101101011100101110001010001011010101100010100110101100101001100000001011110111011110011000100010001111011100001100010101011011101100110101001011000001001110011000001001110110101111101010100111000010100001001001000000000010110100010101101100100110001011101000100000110110100100100110001100011101101
000000000001000000000000000000000000000000000000000000000000000000000000000011111100111110100011011101001101100011011001111101100011110110111000001100011000111011110111101000001110000001010110000001000011010101101011010100000100100111101110110010000000001101000000110011100011100111110101111011001101001001111111010000001001011000101011011100000110000001110001110110110101010011000
000000000000100000000000000000000000000000000000000000000000000000000000000010001011011011001011010000100110111011110000011101011000010011110101011001100010110010111010101111111010110011001110101001000100010100010100110000110111111001001000000010011001100111110110111011010101110110110111000001100001001101011111110000101010111010110110100101100010001100101110101001100111010111010
000000000000010000000000000000000000000000000000000000000000000000000000000001011010000010110010011101000000011000100010011110111100110000000001101110010100000011010000101000111111111000100110110101010101110011000110100001100000100010100100110010101010001101001000111111010100110101100110100100100111001010001001001000111111010000001001111000110000100000011011010001001101100111000
000000000000001000000000000000000000000000000000000000000000000000000000000001011111101010100101011110100100011011011000010001010011111010011100101000001110110011111100000000011011101111100000110101000110000101011011101011110100110000100110000011000001010011010010101010100011011111100101100010111111000101110011000100000110100010001001100001100000111011000100111100001101010111011
000000000000000100000000000000000000000000000000000000000000000000000000000000011110111111010010000110100101001000011111111000101110010011101100101101001001111110010111110110110100100111001000101011001000100110100111010100010001010100111000001011000101001010101111100010000110101001100111001010000010000110000100010101101001010000111111110001011010000101011010110000110101100110101
000000000000000010000000000000000000000000000000000000000000000000000000000011010001110110100110011101001011100000110101010010000100110001101010110001001011001010100100111110011110101101110010100001100000010000101100100000001001001100111010010010010010110001000111100000000101000011000100011110000110110110000110000110111010011100010110010001110011101101011010111100010101010110001
000000000000000001000000000000000000000000000000000000000000000000000000000000001100110001101001001101101011111010001111110010110010000111100010101110110001011011111000100011001001111010101010000110110001011011000100101011110100011101111011011111010100110110111001110001001001100000101111100001010011010100101110110010101010001011101000100001100001101010010010111000110111010111110
000000000000000000100000000000000000000000000000000000000000000000000000000001111001111011111001010111101010101110010011010100101111011000010101111001001001011101000011000011000101100100110001111100001100100101010001010110100110110001010100110000010001011110010110111001101100011010001111001011011010010010000010001110101010110111101110010111101101111001100000110111010110000011010
000000000000000000010000000000000000000000000000000000000000000000000000000000110110110011000000100111101110100000000110100000110011101111010100011001110101110111011101101010111111000010011100100010110101101111100100101010010111001110111111100101001100001110110011111111010000111010110001011101010100000011000110001010110110011100110100101001111110010000011101011111100001000101101
000000000000000000001000000000000000000000000000000000000000000000000000000000001101100000100011001011110110101000100100001101010100111010000101101101110011101100011000111101000001111110100101010001010111110010011111100011011000000011010110010110000011000111101001011011001010010100010010001111110011011101100100110101001011010101010111111110110011001101001010011110101000110110101
000000000000000000000100000000000000000000000000000000000000000000000000000000010111010111101110111010110101100100111010101011010111011010100100010100000101010110001010110000100011010010111101011111001110100010001010110111001001100010001101101111110100001010110001101111100010000110101001100001011101011111100000010100001000010010110110101110111001111111110100101101101101111100000
000000000000000000000010000000000000000000000000000000000000000000000000000011111001011101010111011010110011011110111010010110101100000011000001101010001110101110101010101111000110010111000110010010010001000100111100110001011110010110000011001110110000111111101110111110100110010011001010010010101000100010110111100101101111111100111001100100011111000001001110100011111110010101101
000000000000000000000001000000000000000000000000000000000000000000000000000011100110011110110000111100001100010010010011000111011110011101110110100000000100100110110111011011110001111011001111111001010101100110011101001001010110100100011110001110010000011101111101111010000000111000010000111011111111011001100111100101111011001101000001011010010001110110111011001110010111001000001
000000000000000000000000100000000000000000000000000000000000000000000000000000001001101110111111101011000001000000011011110110000001111001001101100110100001110011001101011100110010100001001101110010011100100101110001000101000110011111000111100110111101100001110100100010110101010001101101011100011111011011111011101100000101111111111011011011100101101100100001011000010110010000000
000000000000000000000000010000000000000000000000000000000000000000000000000001111010110001000110000101000011110110011101000000011001000111001011101100101110000010011101001001101101011100111000111111101100000110001101100100010110110111111000010111111100111110101111000001010101000011111011010001001010111101101000000011110001001111101010011000111100001011010101011111101000100110100
000000000000000000000000001000000000000000000000000000000000000000000000000001100001011111100010011111101011110110011010011010000011000111111001010100111101101001011111011100111001110101000000100100000110111100001001101101110010100100010001010011100101011110001100001011110110100110001011001001000010000011111110111110010110011100100011011011001000100000010110000101101110110110000
000000000000000000000000000100000000000000000000000000000000000000000000000001111011111101101000010110110010101110011010011000011101100111111101000100001110111111001001111011011011100110100100000000010011101111101011010011010100000000101101100110110100001010101010001001000101111110011111001011000110101010111111111111111010001010100011001000111011111110001100101101100101010100000
000000000000000000000000000010000000000000000000000000000000000000000000000001110001111101010101101101010010100011001011010010111110110111011001100010010010111110100000111000001100001010111100011110000001010000011110101001011101001000100011001110110000001001010100001101101101110011111011010000101110011010110101110000000110110000100100010110011000000011101110110001110100001110100
000000000000000000000000000001000000000000000000000000000000000000000000000001110101000010000111100000010010001010010101110011110000000001110001000010011001110010001110010100111101000110000101101000011001011000100000000000100000111110111100010100001011110001111110111000000101001011100101011110111101100100001110101000011010001001110000100000001100111100110110000100110101100011111
000000000000000000000000000000100000000000000000000000000000000000000000000001111011011100001000111110110110011011011111111010110000110000100111101000000011010000010001100100111011010001000001101110001111011000000011011111111000011000011001011011000111001101010100010100011001000011110101101101100110111000110011101101010001100100000110110111110100101001001000110010111011110111011
000000000000000000000000000000010000000000000000000000000000000000000000000001011110100110111111001011001011111000101110011101001100111000010010101111000000010000000000010011010000110111010001010001001001110011010111000110111110000000000000000110000011011100000101101100010100000100001101111101011110101110101110110000011111110100110001000001001001011010010111100000110100101111111
000000000000000000000000000000001000000000000000000000000000000000000000000000110000010010111011111000101010010001100111011100001010000101010010000110100001101010111011000000100010110110110110101000110111000011000000111011010001110101001000000010101010110100010001000111001001001110010100011100001000101001100011101111011110010110110101110101111000000011010101011011000000001100101
000000000000000000000000000000000100000000000000000000000000000000000000000000011011011100100001011101100111101010010100011010000011101101001111101001101111100001101000000011111011011011101110011001000100101001101101100001001000010011110010100110110010110111000011001000000100101010100110010100101111010101011001110100100101110010100110000100110010000000000010011001111100100010010
000000000000000000000000000000000010000000000000000000000000000000000000000001010001110011000110000110001001111110011001011001100010000000010000010101000011011010100101101101100000101010000110010101010011001010000001010101010010101001111000100000011110011010101100011101010111010001010111010100001011010101011110010001101011010100100000100110100001010111100001111010000011010111101
000000000000000000000000000000000001000000000000000000000000000000000000000011111100101110010001101000111011010010001101011011101010011111111011110111010111001010101100001010000100111101001010110011110001011110111000001000001010100001011000110111000101010001011010000011101111001000101011110110100000100000100111001110100101001100100010111001101100000010111011011010000000101101110
000000000000000000000000000000000000100000000000000000000000000000000000000010000010101000100011111111001010011010011111110010010011110101010011010000100010011000110101011111010100000000010100000110100010101010001110111101001011101011101000011001100011110111101100111011110011110010000110100110001001000000110101111100101101010010000000001001110000011011110011100100110000001100011
000000000000000000000000000000000000010000000000000000000000000000000000000001101110011111000001000011010011110100100011001111110110001010001111111001110111001000001110001100100000010111000111101011000001110010111101010101101100001100111110111100100011101001010000110100000101000110010110010010110011101111100101000011010110000001010010100110101111011111010101001000010010000001111
000000000000000000000000000000000000001000000000000000000000000000000000000001110010010111000010100101011011110011110000001011100001000001001010100101110010110010000100011111001101010011011001100010101011000100000001110010111100100110010000100000000010001111110010110110011010110010000010011001110011100001010001000110110001001110101000101010000010111011100010000000111111100011001
000000000000000000000000000000000000000100000000000000000000000000000000000010110000011001100010010110001101111110110111100111011000111111001001000011111000000110110101010010100101101011110000000100111000001010100110011101101011011000110001001000011110110100000111011001100110011101100001100001100000001110111111001110110110111111111000001000101110001110110101101100110010111001110
000000000000000000000000000000000000000010000000000000000000000000000000000010111011001010000000001101100001010100100001100101011000011100100010010011110010111011010100101100101100001111000001111000010111100011001010111010001100010111111111110101110010010110100010110000111100100110000100000001101000011001100011001001111110100011000111110111111001000110010010010000011111000100010
000000000000000000000000000000000000000001000000000000000000000000000000000011000000011010000000011001110101100001000011001101111101101000100001001110010100101101001011110110100000110101111111010010011100001110010111101100000101111000001101100100101001000000011101011000000111110000010011111100011011001100011101110011000100010110010101000111010000001000110110100101000111010011000
000000000000000000000000000000000000000000100000000000000000000000000000000010101111011111000011000100110101100010011110111000100000001000110101111010111011101110010100100010101010010001011110101111100001010010101101011011111011010001010111000011110010001110000011010110101010111011110001001100000100111011001100011110000111101000101011010100000000100111000000110010111101100111000
000000000000000000000000000000000000000000010000000000000000000000000000000000110001100010001101000001110011101111101011100111111010000100000110000000000110101010110111000000011001101000110010010000101111010111011111001111011111111100110100001101000100000001101100011001001010011100010001001011110010110001010110110110110100100011001000101000000111111010111011101100110111001101100
000000000000000000000000000000000000000000001000000000000000000000000000000000100100010000111000101100000001111001111110000001111101001001111010001100111100101010110111100101100101001011100110110110110011101100000010011010111010010001011010000000100101101111100001100110010010110101010011010110101001110110100000010110001011001011010101100001100000100001111011010111111000000100001
000000000000000000000000000000000000000000000100000000000000000000000000000000000001101100111011110110000010101010111010010010100110111000011011101101110100110101101010110011000110010011010000110111010110111111001011000101000010111111110101000101001010001101110111011101101001111111111100101111011000101000100010001110001010000100000011111101101110010010011101011110011110110101101
000000000000000000000000000000000000000000000010000000000000000000000000000000110011001110001110110100000100000101001100111100101101100111101101111110010010000000000101011010001000000010001000010111101010110011101001011100011011101110011100111011001000101100111001001001111111001010110010110000100111101000001100001110010000010100110000011100101010110010111011011110000010010111010
000000000000000000000000000000000000000000000001000000000000000000000000000000001000011010100111111110011001010000110011110110000101001101011111111001001000011010110101000010101011100001001011010010100101100100001011111111010001101111011111100111100000100011000110101000110001010010001110111011010101001110010000111011100011111000111101110100010110101110010001111111010100110111110
000000000000000000000000000000000000000000000000100000000000000000000000000001010111001100110001110000000110110100110001001100110110000010010101110001110110011011100000111011100111001011100111100111001100100100110101000010001010000110101111100000000011101010000100101011000011000010110111110101011110000111011100000110101011000111000011101101010000101010100101011011110010011111000
000000000000000000000000000000000000000000000000010000000000000000000000000010000011001111111111010101010001000001111100111001101010001010100101010011101011100100100001001000010001010111111110000001101111010000001110010011111010100001111001101100001100110010110110011110000011000000000111101010110011010110011000101100011011110011011010011111010010001110111100011010110101010000010
000000000000000000000000000000000000000000000000001000000000000000000000000001111100000010101111100011110100101111111011111011001000001111111101001100100000111100000110110010111100011010111011000110111000111100000010001011000001100010111100101110110101101010011100010111101011011001000101111001111100101011000110011110110001011110100000000010001111111000100011011110100111000110101
000000000000000000000000000000000000000000000000000100000000000000000000000010011000110001100111011110100110111001110010101101100100101010001010110100100101000000001011100100011010111000000100000011110110001001111000010011101010101010111111001100110011001101100010001001110000100010100101011010100000011101110000000110101001100100011100011111101110110010110000010111110111000110011
000000000000000000000000000000000000000000000000000010000000000000000000000001011100000010011000011100000101010000110011101101010010000110010111111011100110101010100001000010011100000110100100110101111010000110011011001111001111001011000011011001011010100111111001101111111000100110000000001001110101010000001100101001110111010101010110110000100010000010110001110111000000000111001
000000000000000000000000000000000000000000000000000001000000000000000000000011100000011010011010110001000111011010111011101001101101010011000111010000001001010101111100010000001111100100101011101011011001010001100011101110111100100111010111100101100101001110010110010111101110100001111111001110010110000100100101010100000011001110000101010100111011010110000010010111111010101111110
000000000000000000000000000000000000000000000000000000100000000000000000000000000110010010111010110100111100101000111010001101111111010100001110110000100010011100010110011111001110000110110011000100011110001101000101001010011000000100100110100011100001101010010110111101010011100000011000000101011110111101010100100101011111000111110001111010011010000011000100001111000000001000010
000000000000000000000000000000000000000000000000000000010000000000000000000011100010000110011101010100011100111000010111001011110010111010001111100101110101010100011110010101001010110110011110100100011100010110100011000001000110100111000010100110100000001001010000111110011100100010011000100001000101110011001011101101100011111001000101100111101010101011101000111111011011111101100
000000000000000000000000000000000000000000000000000000001000000000000000000000000010001011101011001101010111000110100010010011100011100100100010010000101110101101111110101111100001011001100011100001011101011001000110010110011110001010000100110001110011010111000100111010101101001111110010111001100011010110100101100010010101010000111001111110011001001101111010000101000001111110000
000000000000000000000000000000000000000000000000000000000100000000000000000010111011100011001011110000010111100111010110100101100001110101100110111011110100111000110111000110000000101000000100101000000111100100100101101110100110011100001010111011010001001001001111101000010011110100001101010101010011010110000011001000000000000010000110111011001010000110101011110001101101110110011
000000000000000000000000000000000000000000000000000000000010000000000000000000100010110000010010100110110111001110110111000100011011100000101011111010000011000010100101111101001010111001100100010101110010000001111000111110101011001110010010000111011110111010010100010101110110010111011101010101001111100001000110110110100011100110000101000101001111100101001000101110010000110100011
000000000000000000000000000000000000000000000000000000000001000000000000000001101110010110000010100101101010111010000110100111101101110011100111100110001101101010000011111000110001011111110010110010101010001001000110000011111000110010101000000000101100111001010101110010110000101100011011010001101111001100011000101001000000110111010100110010110011010110101001000011000100101101000
000000000000000000000000000000000000000000000000000000000000100000000000000001010000010110101010011100011000001111100111011101111111101000000001110001011000010110010000000100100000111110111111001011111101001110100010111000100001011000000111101110000001000011100100110011001110001010111100101100100010010101001111111001110110011100111101111011111011101101101100000110011101110101101
000000000000000000000000000000000000000000000000000000000000010000000000000010100000010110100100100111111101110110101001101010000100111111000001010111001010111010011011001110010011101101110110101010011101010011101001111011101101101000011010111100001010100101100011000000100011111111100110010101000100010001010010101001010111111001101100010010001110010001000110111011100000010011111
000000000000000000000000000000000000000000000000000000000000001000000000000000111000100100011100010101010101011101111111011010010100011100001101000101110111001011101001001001111101100100101011100110001011100011110011011110110110100011110000001010010100001010010101101011111110000101100010101111011110110101010011110111111110111001100100010101001010010110011110000100011100100000010
000000000000000000000000000000000000000000000000000000000000000100000000000000011001001111101110100101000001111001101111110101011110011010001000110100100011100010100100101000110100111110001110101111111001011010010101111101010110101011011110010011001001011110010010111100011001110101111101101001101101001111110101001000001100101111011101101011110110110001001001110001000000000001010
000000000000000000000000000000000000000000000000000000000000000010000000000001111101101000010000111010000010000011001000010100010100000110010011101100111001101011110000111010001101111011101000010111110110100111001111110010010010111101100110111100010010001100101110011011010001001101101010100011111110010101110111011100001110111000000000010100010111101111110110001110110110000110101
000000000000000000000000000000000000000000000000000000000000000001000000000001010000000100000111110000011100111010110001011101110100111000111010101010100101100000010100001010101001011110000001011101001111101011011011100011110100100101111100100010010001110011011101011011111010010000100101100110000100110100111001010101111110111000010111101001100110010101000101101010010100100110000
000000000000000000000000000000000000000000000000000000000000000000100000000001100110100001100001100010001001110011000010100001010010100001110011001111111111010010111101111101011100111000001110011000111011101110010001100110110100110110011111010010010001000000111101101111111100011011000100101101010110000100111001100111111011100001001110001010010110001111111110001110101100010101001
000000000000000000000000000000000000000000000000000000000000000000010000000010010110000011111010101100001100111001111011110111010011010000111111011010010101100111101000101001111010111111001001010010010111010000010110000011001100010010010100100010101000000111000011011101100101010111001100000001010001001111010000101110110011010000011011010000010101010110101111101110011110011001101
000000000000000000000000000000000000000000000000000000000000000000001000000000111101100001110111110001000000001011101001110101001111100000011011000001011100100000100100110101001100101110001111100001001011010101100011100100011100000110110100110001000010001010011000100100011011000100100010000001110111101000101011011110010011111000111111010001011001010011101011001100011001000111000
000000000000000000000000000000000000000000000000000000000000000000000100000011100101000001110010001011110000101000100110000111011110000011001001011010000000101011110000110111010011101001100001100101001010011000001100011010001000011001100000110100001101011011101101001010100110001001000101101111011101000100110001000010101010001011101011100100101100110111100101001110110101011101110
000000000000000000000000000000000000000000000000000000000000000000000010000000111100011000111011000000011101011001101110111101111111110101101001011100001101111000001111111101010110000110011011001100011111011001000001101111001111110011010111011100000010111000110010100000001011111111000110010100001110010010010011100111100110001100101011110101111110110011010110010111001111010001111
000000000000000000000000000000000000000000000000000000000000000000000001000011000111011100100111011100010000000101011110101000110111000000001111110100100100101000001100010000010110000001101110000110011101110000100010111000011001000110001110100101100111001101110111000010110110100111101011111011101110111011110000110100001011000110011101100000111000101111100000101010100010001101100
000000000000000000000000000000000000000000000000000000000000000000000000100011011100011011010111001001000100010110111000100110000000010100011101111001100101011101110111110100101011000100001000110100111000101110101101011011001110100111001100110111011011100000000101011110110100110001101101111000010010111110010100011001100101101101001000000010000111001111011100010110010001100101011
000000000000000000000000000000000000000000000000000000000000000000000000010011101010011110100111000111100111000011000001101101100100100000110100101110100111010010101001101101100011110100010001001010111010111000110100111110010110001101100100001001100011111111101111100111111011011011010100111001000111011011011010101110011111111110010001100000011000100111111011011101101101010000110
000000000000000000000000000000000000000000000000000000000000000000000000001011000010010111001000000001011111000000001001111100001010011111100101101101111001111011010100010100110001100010011001110001110001000001101011001011101100001110110111110100111110110110110001010000101110111010100010011111010010111000001011101111100101111111110010101011101011000011100100000111011000100100111
000000000000000000000000000000000000000000000000000000000000000000000000000100011110000001110010110110011010101011111011101011101001001011000001000010111011110110111101100010010100100111111100110000001100011111110110011110110010101101100000101110100011011001001101000110011101000001011100010100001111110000110100110001111110001010110001100010010010010100101100101100000010101011100